ClassPatterns = [
0.049405249,0.094926345,0.098503241,0.065092696,0.091976649,0.01760858,0.026997349,3
0.018370998,0.088419549,0.006236556,0.078863269,0.067401704,0.094542308,0.033800072,4
0.032906072,0.07832197,0.057646244,0.024752891,0.090335479,0.029776539,0.070570107,7
0.099323495,0.028500681,0.039385905,0.037353229,0.008428053,0.038682667,0.025644273,1
0.084415858,0.040752056,0.059781665,0.08476341,0.007275198,0.047200441,0.076242913,4
0.038127456,0.012411851,0.083210206,0.0720388,0.029959345,0.012384539,0.025164911,1
0.030759453,0.053211542,0.006039889,0.053643604,0.041922722,0.001233387,0.052136091,4
0.012765141,0.065070916,0.06043497,0.05418247,0.004181212,0.066352019,0.030656424,5
0.063363524,0.035703189,0.068208949,0.089380086,0.050314268,0.00225586,0.088004085,4
0.006864894,0.092686651,0.007778132,0.05974792,0.001012731,0.06592533,0.002745383,2
0.016552412,0.06329028,0.04452394,0.065411052,0.026508152,0.078534201,0.055992954,5
0.061341706,0.018675914,0.057995939,0.056191966,0.067394802,0.061787989,0.039079135,3
0.092414936,0.038992354,0.07983162,0.038720521,0.064693021,0.009775075,0.084076431,1
0.054642298,0.092005094,0.019344805,0.011955619,0.034153255,0.050901733,0.050938412,5
0.018390499,0.099895551,0.075248082,0.080890135,0.025407589,0.083932002,0.050515931,6
0.06723085,0.088075368,0.000923525,0.062690726,0.098046889,0.044221167,0.025343276,3
0.001675931,0.020768554,0.030136328,0.083755324,0.048340439,0.056583465,0.088707968,0
0.060578894,0.044823143,0.096321483,0.091436918,0.095642377,0.076169941,0.04684917,7
0.024765269,0.008716261,0.014900985,0.015575726,0.061917175,0.044928544,0.085071269,1
0.007595775,0.099663406,0.017644039,0.07194205,0.014438159,0.047063524,0.039317615,0
0.093058889,0.09567357,0.010989364,0.094439261,0.055161386,0.077902355,0.007740827,4
0.030483749,0.06231422,0.028367269,0.073731229,0.047571634,0.070089248,0.081574099,3
0.068623164,0.058843807,0.086384535,0.003324533,0.020392046,0.034605159,0.066584534,1
0.047999381,0.038630544,0.027481085,0.058485391,0.057448885,0.013209741,0.07905524,3
0.048815366,0.051266408,0.061985706,0.036364497,0.082588911,0.083544445,0.064016545,4
0.044763283,0.044030277,0.019932721,0.088585646,0.00322681,0.006064034,0.092557888,5
0.064295267,0.018040518,0.093955518,0.002004341,0.097396714,0.028028744,0.081615732,0
0.054608886,0.010878747,0.038104386,0.057767486,0.065366644,0.092082291,0.024986793,7
0.050270183,0.010165684,0.061311393,0.01884784,0.006626863,0.030966618,0.090613848,0
0.004775018,0.048975523,0.098518869,0.002421074,0.066189265,0.055308155,0.067832232,7
0.022889845,0.075067233,0.034658534,0.040135676,0.000683372,0.05729095,0.052463666,4
0.074481778,0.097288944,0.047768175,0.091599236,0.04001504,0.009249298,0.024561511,5
0.034952587,0.062656479,0.07965329,0.098147043,0.003234971,0.03440038,0.0117128,7
0.088540117,0.097061652,0.05994433,0.009161487,0.091567429,0.026268504,0.068798343,5
0.076316992,0.088528323,0.041976403,0.005411209,0.08239473,0.085867385,0.096185671,1
0.046086225,0.040048897,0.022879111,0.050417136,0.071240156,0.042878428,0.05625253,2
0.028619166,0.069049246,0.037063535,0.056761905,0.073758052,0.023644419,0.06830299,4
0.038745304,0.050612626,0.034046177,0.02256327,0.031662465,0.005828308,0.017211415,5
0.038240322,0.032903023,0.070703712,0.049531468,0.053800587,0.031994873,0.028728393,3
0.079283012,0.03191232,0.048067846,0.037882043,0.066138697,0.019836384,0.063158357,0
0.088520547,0.000225852,0.004011305,0.017593623,0.038666077,0.079824917,0.031753463,1
0.02758551,0.083753462,0.098464479,0.078444471,0.035113356,0.044205114,0.00096296,3
0.058054046,0.036445364,0.011832817,0.069080872,0.081295343,0.00481594,0.031136676,5
0.07883208,0.080978034,0.020787605,0.039029151,0.02704069,0.069897455,0.044189908,0
0.084651596,0.006106519,0.028134473,0.009529046,0.024493013,0.078480262,0.054468098,6
0.065272445,0.01775391,0.023834738,0.079245074,0.063144544,0.006457053,0.045696937,4
0.030272601,0.081638157,0.065882918,0.076630274,0.076626262,0.050551862,0.014134133,6
0.050770623,0.072389,0.008944962,0.040897808,0.09717993,0.04791661,0.080947009,2
0.091511929,0.005056094,0.065200853,0.099513278,0.031939378,0.041744659,0.087483399,6
0.093955635,0.078602004,0.068509294,0.078850485,0.030221827,0.024587245,0.029272823,4
0.096041501,0.081837219,0.084981997,0.08997855,0.031360048,0.017854644,0.003565436,0
0.055441541,0.090123055,0.061473295,0.093803666,0.04164071,0.042232406,0.041605729,2
0.066952483,0.061404763,0.069898157,0.003272755,0.072672009,0.089068879,0.086394729,6
0.095697902,0.067755501,0.064135017,0.007848258,0.030743581,0.049926342,0.08908638,1
0.068697016,0.062645691,0.039450561,0.020114712,0.048905292,0.051843935,0.067581801,1
0.029419469,0.044319394,0.043155089,0.060473227,0.015523757,0.078334235,0.008753845,0
0.014710054,0.02672225,0.062979652,0.037669345,0.031981485,0.088038295,0.027990145,3
0.070244601,0.089844533,0.059429766,0.054516754,0.002313956,0.064611238,0.026855434,2
0.062547855,0.001418796,0.085595102,0.052905305,0.020672256,0.018118022,0.080683027,0
0.050241152,0.066210967,0.098479926,0.014264681,0.061733386,0.089483111,0.011539056,2
0.099444058,0.056690184,0.073283326,0.074004727,0.089543657,0.038043052,0.003188273,0
0.064512189,0.073238486,0.086736576,0.068264192,0.064774678,0.017484433,0.041059841,4
0.04757272,0.086724887,0.028083897,0.053310213,0.079984607,0.030068903,0.074986312,4
0.053599269,0.009910922,0.011756517,0.070288034,0.003632563,0.097758629,0.064768736,7
0.082340189,0.053926757,0.025303963,0.006445419,0.004359101,0.044211962,0.005516604,1
0.018647452,0.023786207,0.041357453,0.07055708,0.036034583,0.025061396,0.061046403,2
0.031987102,0.007090979,0.048209401,0.083914621,0.093042357,0.011706691,0.041780168,0
0.026817339,0.025939582,0.060517296,0.068589842,0.05728498,0.071864016,0.025431735,0
0.044542852,0.089864061,0.024677981,0.028140349,0.086903736,0.06987327,0.091245772,0
0.08137291,0.059027926,0.084508836,0.058106286,0.030335104,0.061467104,0.090523639,2
0.066213447,0.063823664,0.041230203,0.028016575,0.059606416,0.031698456,0.0272849,5
0.09221071,0.025915662,0.072394288,0.026434749,0.074933308,0.000525079,0.053836894,6
0.052943165,0.093846007,0.031260823,0.008561871,0.037577696,0.076306685,0.062967473,5
0.035796708,0.092314887,0.093852714,0.07209756,0.010041224,0.022261156,0.017448104,0
0.069357043,0.065829668,0.038031157,0.002136711,0.080601774,0.013258427,0.051593598,0
0.092102794,0.014029605,0.042771482,0.001812444,0.098677158,0.076302189,0.096886252,1
0.031662335,0.054749616,0.094506355,0.078330173,0.032757998,0.034902746,0.045974203,6
0.09307299,0.080359345,0.047126319,0.044074074,0.095646643,0.085957316,0.050930598,7
0.071327207,0.06461751,0.012245363,0.015982808,0.068674077,0.061226199,0.047096399,6
0.090128469,0.091991928,0.000329703,0.006266862,0.036232128,0.056657437,0.034289483,2
0.079178252,0.094104845,0.028611365,0.028130895,0.051648675,0.090379091,0.008007132,7
0.052883381,0.064816958,0.023662088,0.061332816,0.056400278,0.033656245,0.068102161,4
0.013355537,0.053985525,0.074073506,0.088583637,0.066710482,0.062118055,0.017904813,1
0.086359374,0.041711511,0.022467068,0.072395005,0.089235768,0.062666778,0.095845506,7
0.090624302,0.080587301,0.099507316,0.006109271,0.089812455,0.049753093,0.028148781,2
0.019427104,0.007809853,0.025080339,0.036773558,0.052425518,0.098675742,0.033177787,0
0.025718509,0.073303623,0.082882765,0.054345599,0.018628623,0.013304448,0.061403495,0
0.048279555,0.089108564,0.015469004,0.086762237,0.044757321,0.061615716,0.041958847,4
0.033488778,0.056334226,0.09978917,0.084996932,0.064146024,0.096984337,0.040746407,2
0.004347887,0.049148523,0.023883712,0.000337078,0.062673923,0.032417915,0.015654084,2
0.022849504,0.041133391,0.078367037,0.037085645,0.070407097,0.096518875,0.082874498,2
0.092767159,0.073658608,0.029843733,0.064067922,0.046631957,0.057752274,0.023015344,4
