OneSpiralPatterns = [
    4.6277   -9.3854
   -0.4601  -11.0022
   -1.8892   -4.5605
   -0.8238  -11.0184
    9.6056   -0.5173
    0.3017   -4.5469
   -5.7308    3.5589
    7.8543    4.3875
   -3.4344  -10.6170
   -3.7977  -10.5488
   -3.8844   -3.6664
   -4.0473  -10.5295
   -3.3475  -10.6241
    5.2938    6.9738
    5.3927   -8.8863
   -2.8343   -4.3547
    1.5252    7.9785
   -0.9895  -10.9667
    5.6481   -8.6395
   -3.4376  -10.6215
    9.5868   -1.7735
    3.3718   -0.9765
    2.7530  -10.3427
   -2.0554  -10.9673
    9.2318   -3.1214
    7.1405   -7.3399
    7.7029   -6.6285
   -0.3056    7.9008
    9.5241   -1.8700
   -4.5305   -3.0652
    8.7927   -4.7099
    3.4650   -0.6480
   -5.7694    3.5546
    3.3200   -1.9713
    0.2400   -4.6085
    4.2348   -9.7260
    8.9875   -4.0828
   -4.3820    5.5908
   -2.8974  -10.7705
    3.3018   -0.9089
    2.5123    7.8028
   -1.0169    7.7994
    6.9131   -7.6627
    5.6572   -8.7628
   -5.3116   -2.1573
    5.5150    6.7269
    3.0092    7.8311
    9.4711   -1.2203
    8.7305   -4.8997
    7.2772   -7.1127
   -5.7350    3.3658
    9.1875   -3.1447
    9.5272   -1.8559
   -4.1824   -3.5461
   -1.3393   -4.6338
    5.9479    6.4446
   -3.5094  -10.5839
   -3.2424    6.6240
    9.0057    2.2656
   -6.2700   -0.0298
    7.3615   -6.9530
   -6.1322    2.1119
    6.2564    6.1572
    8.8740   -4.3030
    0.4489  -10.9423
   -3.4270  -10.6806
    7.8975    4.3948
   -2.6650   -4.3230
   -3.4493   -4.1082
   -6.0656    2.2081
    3.2448  -10.1868
   -6.1318    1.9748
    4.6028   -9.4243
   -6.2974    1.3992
   -1.8182  -10.8642
   -2.7731    6.9803
   -5.5755   -1.7538
   -6.2044    1.8912
    9.4545    0.4533
    4.6052    7.1524
   -2.6671    6.9468
    3.8522   -9.9401
    9.0385    2.2448
    8.1334    4.1542
   -1.0972  -10.9763
   -5.5193    3.9898
    7.1521   -7.3134
    7.2594   -7.1501
   -1.0074    7.8025
    8.5841    3.3135
    1.7770   -3.8565
    2.9990   -2.5802
    7.4025    5.0655
    6.2798   -8.2676
   -1.9773  -10.8018
   -2.1320   -4.5150
    8.6894    3.2304
    4.4255    7.2875
    2.4005    1.2726
   -3.4443    6.5476
   -4.1276   -3.4208
    5.6391   -8.8169
   -4.5922    5.3419
    7.2102    5.2050
   -4.3642   -3.4459
    9.2285    1.3897
   -5.9854    2.6124
    9.5694   -1.6364
    9.1303   -3.7932
    7.5668   -6.8190
    3.2784    7.6460
    1.2795   -4.2236
   -6.2152    0.3364
   -0.7715  -10.8888
   -3.5805   -3.8468
    4.1765   -9.7674
    7.5840    4.8087
   -5.5361  -10.0092
    1.5553   -3.9672
    2.7121    7.8987
   -0.4354   -4.6725
   -3.6049  -10.6413
    1.4819    1.8118
    6.5447   -8.0221
    4.5389   -9.5141
    1.8017  -10.6453
    1.2939   -4.2103
    0.2497    8.0093
   -6.1803    2.4188
    5.2869   -8.9666
    2.1533    7.8759
   -0.7413  -11.0333
   -5.0776   -2.5749
   -6.0541    2.6482
   -3.0909   -4.1291
   -2.5437   -4.3351
    1.6923  -10.5384
    8.9248    2.6141
    8.0972    4.1562
   -3.1219   -4.1258
    2.5903  -10.3078
    9.4469    0.2202
   -2.7182    7.0536
    6.5523    5.8010
    0.1894    8.0111
    1.8289   -3.8803
   -6.3123    1.0719
   -1.6574   -4.7342
   -5.1284   -2.3536
   -6.2890    1.0669
    1.2877    7.9481
    3.1033   -2.1470
   -0.1643  -10.8399
   -2.5863  -10.8015
    5.5040    6.7449
    5.3363    6.6877
   -3.4704    6.6364
   -0.0622  -10.8998
   -1.7414    7.5373
   -0.8160   -4.8055
    6.3270   -8.1639
   -0.4777    7.9108
   -6.1815    1.1710
    0.3893    7.9923
    0.3957   -4.5890
   -2.2802   -4.5076
   -2.4091  -10.8485
   -3.2198  -10.7010
    8.7600    2.8073
    2.6503   -2.9868
   -6.1959    0.6931
   -2.5241    7.1581
    4.2811   -9.5797
    2.7828    1.1118
    3.2897   -1.6864
   -4.4311   -3.1174
    9.6155   -1.3796
    8.0222   -6.0328
    9.6384   -1.3692
    3.3901    7.6603
    7.9549    4.4009
   -5.1528    4.5626
    7.6785   -6.7675
   -5.4262   -2.0766
    9.1165   -3.6013
   -5.1687   -2.3975
   -1.6904    7.5123
    9.6037   -0.0558
    6.3217   -8.2466
    1.3991   -4.0338
   -1.7366  -10.9447
    6.3759   -7.9822
    5.2266    6.8933
    2.3131    7.9815
    3.0815    7.7757
   -4.8624    5.1739
    6.3197    6.1585
    6.4857    5.9680
    4.4265   -9.5961
    5.5165   -8.6971
    9.6439   -1.1270
   -1.1272    7.6627
    4.8857   -9.2270
    7.4680    4.9749
   -2.7312    7.0282
   -2.2332  -10.8309
    1.4127  -10.7337
    8.1567    4.1217
    9.4198    0.0521
    9.1207    2.1948
   -5.8861   -1.0444
   -4.9568    4.9268
    4.4503    7.2606
   -6.2381    0.5726
    3.1575  -10.1373
   -5.6093   -1.7721
   -6.1989    0.1374
   -4.5021   -3.0259
   -6.1989    0.2703
    2.4451    7.9976
   -4.6231    5.3296
   -1.3795  -10.9546
    1.9893    7.8776
   -5.1684   -2.3392
   -0.4095  -10.9899
   -4.5551  -10.4056
    2.6012    7.9235
   -0.7033   -4.7432
   -6.0641    2.3500
    0.8060    7.9842
    9.2470    1.7881
   -6.0687    2.4879
    9.4025    1.3849
    8.6805   -4.9254
   -6.2497   -0.0241
   -1.2913   -4.6402
   -5.1449    4.6129
   -4.3456    5.7739
    1.7367    8.0109
    6.2932    6.0996
    1.1422   -4.3046
   -6.0549    2.5505
    5.2204   -8.9943
    3.3668   -0.3778
   -1.7403  -10.8496
    8.0417   -5.8813
    5.3969    6.6837
    8.8019    2.6952
   -6.3350    0.8724
    3.6980    7.6222
   -3.7319  -10.4937
    7.8828    4.2739
    6.8566    5.6387
   -6.2134    0.4813
    5.3704    6.8052
    9.5374    0.1097
    9.3344   -3.1920
   -0.1088    8.0016
   -1.7942    7.5393
   -5.0356  -10.1243
    3.3014   -1.2126
    0.8082  -10.8639
   -0.7422  -11.0040
    5.6172   -8.9098
    0.1290   -4.6744
   -6.1484    2.5852
   -3.5433    6.5431
    9.3150   -3.2620
   -2.5901   -4.4327
    8.3405   -5.4165
   -0.3348   -4.6037
    9.4583   -1.6786
    5.6054    6.6909
    6.2431   -8.1251
    8.5003   -5.2216
   -0.2349  -10.8898
    0.4943  -10.9055
   -3.7057    6.3676
    9.0366   -4.2706
   -5.6032   -1.5960
    3.4105   -0.4703
    7.5950   -6.6305
    6.0476    6.4376
    5.0258    7.0595
   -0.2202  -10.9151
    9.4780    0.9087
    9.5406    0.4345
    2.2684  -10.5575
    5.0342   -9.0892
    8.8007    2.8871
   -5.1997   -2.5025
   -6.3547    1.2247
    0.8208  -10.8500
    3.2946   -0.1924
    5.4251    6.7268
   -4.4779   -3.2703
   -4.5287  -10.3911
    8.6570   -5.1394
    5.9026    6.3330
    4.5224    7.3275
    2.7266   -2.8703
    9.3245   -3.3229
    3.2831   -1.6647
    2.0517   -3.5785
    6.8809    5.6132
    0.2569   -4.5054
    4.5032   -9.6147
    4.4672   -9.5301
    8.4449   -5.5353
   -3.5093   -3.9672
    9.6034   -2.1148
    6.8459    5.6126
   -4.1682  -10.4020
    9.6620   -1.4357
    5.3042   -8.9367
    3.4447    7.6059
    2.1669    7.8783
    4.1566   -9.6581
    1.3381   -4.1336
   -2.4224   -4.4052
   -4.7747   -3.0610
   -0.4183    7.8120
    3.6988   -9.9626
    5.2058   -9.0653
    2.6403   -3.0463
    0.0578    8.0360
    7.1312    5.2196
    1.2924    7.9247
    9.5593   -1.8861
    9.5439   -0.1252
   -5.2913    4.3393
    2.0494    7.8848
    2.8039    0.9853
   -4.7668  -10.2883
   -4.3936   -3.2871
   -0.4469   -4.6074
   -1.4896    7.5963
   -5.6980   -1.6624
    5.3817    6.7210
   -3.4030    6.5229
   -2.9373  -10.7362
   -1.3062  -10.9496
    2.9650   -2.3200
    7.8030   -6.2891
   -5.9776    3.0161
    1.4881    8.0803
    8.0610    4.2351
   -2.5708  -10.8446
    1.1887    8.1002
   -4.7980  -10.1671
   -5.0559    4.9354
    8.8206   -4.4127
    9.5477   -2.4868
    7.6359    4.8215
    8.9232   -4.3462
    9.3592   -2.4205
   -4.9655   -2.7054
   -2.0725   -4.5222
   -5.6105   -9.9185
   -4.5501   -3.0469
    3.4080   -0.5857
    8.3245    3.5894
