TrianglePatterns = [
    2.8055    0.6167
   -2.9607    2.0309
   -0.2026    9.1726
   -0.7970    8.2623
    6.9569    1.8313
   -2.2525    2.9286
    1.3447    5.0654
    4.5862    1.7145
   -5.2189    2.2279
   -0.2203    2.9846
   -1.0193    1.5129
    5.8432    1.0880
   -2.9269    3.5736
    5.6213    3.3123
    7.9545    0.2288
   -3.2804    5.7708
    1.1984    2.9141
    1.7854    4.8855
    1.9581    6.3106
   -0.1321    5.7479
    3.3335    1.8288
    1.3927    0.0273
   -1.9836    5.4955
    5.0483    1.8490
    1.2456    7.5629
    6.9158    0.0649
   -7.5412    0.2698
    1.6993    4.7297
    1.4485    1.7955
   -0.0857    3.3193
   -3.8113    0.6535
    2.2438    5.8081
   -3.8829    5.2822
   -2.1053    2.0296
    1.1826    0.5258
   -2.6830    4.9417
    0.5894    4.1965
    3.1119    1.8803
   -3.4620    6.0449
    2.2808    0.3387
    2.6612    1.6966
    2.6402    3.5774
    1.5442    7.9587
    2.7312    4.2670
   -0.3993    3.0497
    8.1889    0.0525
   -3.2016    0.5320
   -5.1745    0.0924
   -5.1268    0.9319
   -4.3180    2.4149
    1.0178    0.3702
   -1.8732    2.8592
   -8.6687    0.8303
    0.2597    4.4360
   -4.7343    0.9108
   -4.0343    1.6897
    3.9554    1.9334
    8.4980    0.0419
    9.3697    0.3708
    1.5980    3.5127
    9.6077    0.3607
   -1.6997    6.5798
   -2.4511    6.8102
   -2.4993    4.0003
    0.3620    2.7529
    0.7365    3.2893
   -4.9328    0.2633
    4.5151    4.3289
   -6.3595    1.4441
    0.1884    3.0204
    5.5691    2.6147
   -3.6141    6.1765
    4.1056    1.5593
    0.3373    7.7585
    3.9184    4.9096
    2.1277    7.1711
   -4.0200    2.7557
   -1.5498    1.7200
    1.0827    7.8684
   -0.1495    5.5555
   -1.4948    5.6912
   -0.6447    6.3012
    2.0108    6.0936
    3.7134    0.8727
   -3.3870    2.3775
   -0.5412    4.0156
   -2.2861    5.3690
    9.3522    0.3054
    1.0828    4.6659
    5.3812    1.2968
    3.7081    3.2644
   -1.8921    3.6716
    3.4973    0.8831
    3.3171    1.6053
   -4.2047    2.1166
    3.5995    1.3946
    5.8245    0.8465
   -0.6666    3.7273
    2.2022    6.0874
    3.6547    3.4495
    1.4124    0.5881
    1.4711    2.0079
   -1.4377    3.8698
    5.2790    2.3341
    6.7446    0.3933
    0.1202    2.9989
    2.8278    3.8305
    2.7469    6.6975
   -0.5135    8.2249
   -0.0716    6.8712
   -6.3860    2.9991
   -0.8613    3.3502
   -2.2412    7.6153
    2.9796    0.5759
   -6.3143    0.8016
   -5.2111    4.7753
   -0.5891    8.8559
   -8.4885    0.9900
    3.5219    5.0653
   -6.8503    2.4385
   -1.7498    8.1088
    2.2149    1.9302
   -3.6777    3.0156
    3.4611    1.6599
   -4.9781    1.9692
    1.7689    4.6160
   -1.8756    7.3622
   -7.5166    2.2485
   -7.4101    2.1574
   -3.7751    1.5853
   -8.2615    1.0631
    2.1471    1.0465
    6.9426    1.3026
    5.4289    0.2859
    0.7379    3.6861
    1.3421    7.2468
   -6.1673    2.4186
    4.6443    4.4140
   -4.2087    0.7818
   -0.3107    4.6912
   -4.4713    2.0385
    2.2607    2.6975
   -8.7025    0.0559
    0.1708    7.3413
    5.8054    2.6197
    5.1070    4.0432
    4.2393    5.6300
    3.3918    0.8227
   -2.7425    3.1621
   -6.2578    2.6060
    1.6397    2.6130
    2.4277    2.8773
    1.5987    5.8700
   -4.8069    0.5675
    6.2635    0.0042
    4.2435    0.1368
   -5.3388    3.6104
    1.9378    7.4380
   -2.1341    7.5027
    0.6702    2.6059
    0.7807    8.6298
    1.3988    4.7989
    2.6661    0.7793
    4.1863    4.1407
   -0.0089    4.6051
   -1.0071    5.8918
    1.8829    4.6103
    1.8538    0.2654
   -4.5016    4.2850
    1.1906    4.0268
    7.2890    1.3324
   -3.3454    6.1012
   -4.3232    1.0348
    3.1843    0.1400
   -2.9691    3.9269
   -2.8169    5.4879
    5.3847    2.8730
    2.1311    0.5753
    0.0621    2.4307
    1.4070    0.6005
   -5.5305    3.0206
   -1.0519    1.2525
   -6.0333    1.9262
   -0.7040    3.8097
   -4.1378    4.2824
   -0.0776    0.9873
    0.5914    2.4448
   -3.9974    0.9027
    2.7010    1.3712
   -1.0302    7.8398
   -0.3722    0.2429
    3.2692    4.4517
   -5.2226    0.6665
    0.9354    1.6167
   -8.9332    0.0984
   -4.5672    3.9624
   -9.4744    0.1957
   -2.9621    1.6611
   -2.7066    0.2560
   -0.4986    0.8538
   -2.0733    0.4373
   -4.1074    1.5545
    2.2485    3.2290
    7.6077    1.3771
    0.0301    9.3542
   -1.1328    0.5389
   -0.2199    4.1148
   -3.6449    5.9089
    2.6373    1.8372
   -4.0566    4.3497
   -7.0092    2.2383
    0.6082    2.6028
   -4.7694    3.1085
   -7.8605    1.0920
    3.6966    5.8450
   -0.7714    3.8954
    3.5929    6.0190
    4.0562    3.4071
   -8.9997    0.7142
   -0.2025    6.6954
   -0.8028    7.6070
    0.6278    5.4362
    3.1512    1.7123
   -4.2364    3.5768
    5.2951    2.2818
   -1.9164    1.4669
    1.1084    1.0713
    7.2541    1.6237
    1.9689    6.5392
   -1.6937    4.3812
   -1.4112    2.6898
    0.3393    5.2637
    7.4765    1.6043
    7.2606    1.8088
    1.9757    3.4074
   -2.7166    4.2504
    5.5220    2.9503
   -1.7946    5.0972
    3.8503    5.1693
   -7.4780    1.1210
    1.2268    3.3667
    6.8590    0.0702
   -2.5677    1.0365
    1.4889    0.1134
   -4.6502    3.3154
   -1.3272    2.6749
   -3.3182    6.0281
    3.0123    1.8007
   -6.4633    0.8787
    3.8073    1.0619
    0.4230    0.0615
   -0.5180    0.3465
   -3.0497    2.9117
   -6.0723    3.9250
    5.0693    4.4901
    1.6823    7.6636
    1.0324    7.0641
    1.3142    5.7535
   -5.4047    3.7907
    0.4906    1.5156
   -2.4027    1.0927
   -9.4657    0.1581
   -2.4728    3.7231
    5.3262    1.4024
    2.2767    3.5379
    4.4257    0.3129
    2.5419    0.7101
   -2.7275    3.4499
    0.9528    3.2127
    1.7520    5.7013
    4.1697    3.2935
    3.6361    1.5436
    5.0961    2.1974
   -0.9569    7.0259
   -3.6029    0.6234
   -2.7193    6.9235
   -1.6649    3.4507
   -4.7442    0.8153
   -3.1504    0.8406
   -3.9134    2.8166
    4.3065    2.0919
    2.4302    0.7077
    0.3547    6.3115
   -4.2759    4.4107
   -8.7898    0.7655
   -0.1506    4.7422
   -3.1968    3.7683
    8.7495    0.7054
    0.0093    9.0322
   -0.0196    2.5525
   -8.1666    1.3197
    5.0641    1.3241
    0.6828    7.6166
    4.8064    4.9065
   -5.2295    0.0016
   -0.9044    4.3256
   -2.0087    7.2727
    0.0568    6.5159
    1.8564    5.1075
    0.7527    5.3723
    0.4835    6.5684
    1.8380    0.3906
    2.8363    2.4161
   -3.3139    0.1291
   -6.5472    1.3495
    9.2061    0.5906
   -4.6320    5.3058
    2.4210    3.0059
    7.6667    1.9512
   -4.6856    3.3060
   -1.5094    0.2967
    0.3063    1.3837
    7.6411    1.6763
   -0.1653    2.6660
   -0.6302    1.0842
   -4.8193    2.6154
   -2.2902    4.8935
   -1.9663    4.2092
   -4.2625    1.5044
    2.0697    1.1218
   -6.0962    2.1464
    0.9958    4.6839
   -8.0489    0.1445
    2.2258    2.9170
    7.6950    0.0783
   -4.1603    3.8632
    2.2303    1.1566
    2.6454    2.4458
   -6.9052    1.8611
    0.3966    3.6930
    1.2128    4.8161
   -2.4764    1.8842
    6.4731    1.8250
    0.8897    8.8189
    6.7570    1.6427
    3.0963    1.1304
   -2.8470    3.4088
    2.3568    4.9246
   -2.3470    2.0821
    6.6416    2.9273
    3.7231    2.0282
    3.6195    1.8758
   -4.2288    2.5379
   -5.7038    1.7154
   -0.1159    0.2206
    4.5750    3.9568
    7.6556    1.4344
    0.6759    6.0529
    3.8153    3.2162
   -2.3844    1.9737
    4.9024    0.2773
   -0.2231    8.2301
   -0.4645    3.1743
    5.1277    4.7564
   -6.7295    2.7295
    0.7903    0.5401
    3.4758    0.8268
   -6.4574    1.3811
    5.1780    1.8594
   -1.4321    6.3527
    1.7853    2.7661
    1.4847    6.7360
