TwoSpiralsData = [
   -6.2230    2.3922
    2.9873  -10.1474
    1.8901    7.9809
    9.5744   -1.9503
    7.3076    5.1401
   -2.2178  -10.7667
   -3.6336    6.3212
   -2.0826    7.2785
    7.5881   -6.8330
    2.0144  -10.5968
    3.2292    0.3631
    2.8659  -10.3238
    5.0905   -9.1164
    7.7437    4.5486
    2.1654    7.9361
    9.2427    1.3267
   -3.5250    6.5074
    6.4109   -8.0801
    0.3513   -4.6359
    3.3208    7.7148
    7.0521   -7.4122
    9.4488   -0.0954
    0.9063    1.8663
    2.7931    0.8520
    3.7302    7.5756
   -6.1749   -0.0894
   -1.6406    7.5371
    2.6746    7.8018
    2.7421   -3.0714
   -1.9421    7.3300
   -1.3051    7.6293
   -5.1202    4.8318
   -1.0295  -11.0351
    4.8536    7.1058
   -4.9637   -2.5318
   -5.2622    4.6874
    3.8352   -9.9006
    9.5167    0.3567
    9.3961   -2.2365
    9.4720    0.5641
   -6.0620    2.5879
    1.4637  -10.5812
    1.6064    1.7536
   -1.8665    7.4124
    9.2235    1.8864
   -1.5489  -10.9435
    3.7555    7.5267
    1.6814    7.9672
    9.4731   -1.8524
    6.9687   -7.6655
   -1.1172    7.6913
    3.5042    7.6096
    9.5217   -1.1871
    7.9780   -6.2016
    9.6218   -0.4836
    6.1687   -8.2862
    3.3378   -0.8320
    0.0460   -4.6643
    3.2922   -1.5142
   -4.1294   -3.6320
    3.6275   -9.9353
    8.4433    3.8024
   -4.5774   -3.0934
   -2.3554  -10.8582
    7.8182    4.5666
    3.8792   -9.8902
   -4.3992    5.6686
   -6.2592    0.7291
    8.8575   -4.3950
    6.9581    5.5094
   -5.6021    4.0646
    3.2726   -0.1140
   -3.5982   -3.8773
    6.1267   -8.4447
    6.8347    5.6943
    1.2857    7.9354
   -0.4668   -4.6867
    9.6269   -0.3158
   -1.8468   -4.6627
    8.8362    2.5095
   -5.2727   -2.4774
    5.7893    6.6335
   -3.5820    6.3641
   -5.8071   -1.0646
   -0.2897   -4.7449
   -3.7494   -3.8725
    1.4284  -10.6799
    8.2391   -5.6027
    1.2986    1.9076
    4.9330   -9.3560
   -6.3287    1.5881
    0.8520  -10.7816
    3.4552  -10.0721
   -2.5269    7.2099
   -4.5894    5.5427
   -3.6990   -3.7757
   -0.5274    7.8505
   -4.8514    5.0187
    4.2833   -9.6132
   -5.8108    3.6404
    2.7858  -10.3210
   -5.5057   -1.6636
   -2.5369    7.1023
   -2.9518    6.7471
    9.0064    2.3384
    3.6093    7.5779
    3.3824   -1.1729
   -1.1057    7.7160
    7.8596    4.4479
    2.2748   -3.4216
   -5.9986   -0.6497
    6.5655   -7.8865
    9.6315   -0.3062
    4.8639   -9.2353
    3.1866    0.4866
    2.4129    1.3975
    0.0541    7.8921
   -5.9007   -0.8656
    9.0179    2.1650
    4.2425   -9.7233
    7.4516   -6.8299
   -1.8183  -10.9762
    7.1582    5.4019
    7.5747    4.7090
    9.4476   -2.4871
    1.6273  -10.6609
   -5.1610   -2.6106
    8.8756   -4.3197
   -5.4537   -2.2143
   -5.6565   -1.4660
    6.6980   -7.7803
    7.2836    5.2096
    1.5567    1.8559
   -3.3090  -10.6591
    1.3254  -10.6546
    1.5277  -10.6557
    5.5971    6.6805
    7.2800    5.1206
    3.3009   -0.5482
    7.4905   -6.9458
    7.1011   -7.3762
    8.9602    2.3544
   -1.5825    7.5432
    5.5395    6.6534
    7.1567    5.3076
    3.2253    7.6920
   -3.0202   -4.1701
    9.5778   -1.6132
    9.3707   -2.9058
    7.4938   -6.9394
   -4.9150    5.1546
    5.0831   -9.1059
   -5.1753    4.9117
   -5.7939    3.2445
   -5.9440    3.0975
    6.9067   -7.4950
   -4.2953    5.8294
   -2.3629    7.2134
    9.2773   -2.9645
    3.3145   -0.7143
   -3.4088   -4.0771
    1.5376    7.9549
   -5.9863   -0.6407
    7.0318   -7.4362
    9.6396   -1.0922
    3.3712  -10.0208
   -5.8234   -0.9451
    2.5696    7.7921
    8.0262   -6.1265
   -0.3651   -4.6953
    2.8203    7.8903
    5.5432    6.7362
    8.9862   -4.1228
   -1.8963  -10.9318
   -3.8400   -3.8605
    3.0781   -2.4428
    9.4606    1.0375
   -6.3105    1.3405
    8.3690    3.7414
    9.2608   -3.1325
    4.1638    7.4163
    9.4800   -2.0711
    4.8724   -9.2518
    2.3479  -10.3340
    8.6719   -4.8829
   -6.0925    2.6071
   -5.2536    4.5581
   -5.2175   -2.2528
    9.2986    1.4845
    6.3744   -8.0713
    0.3606   -4.5498
    0.8366    8.0103
    9.6021   -0.3999
    6.9050   -7.6359
    6.7824    5.7750
    3.3031   -1.9001
    2.7483    7.9040
    6.1823   -8.2983
   -5.1607  -10.0883
    2.9078  -10.3114
   -2.3259    3.3936
    4.9863   10.5372
   -9.0335   -1.4990
   -2.9606   -7.4858
    4.2705   10.5601
   -8.9684    3.8776
   -5.1534   -6.6790
    2.6314   -7.0719
   -1.8718   -7.8126
    6.0491    1.2726
   -7.5958   -4.3227
    3.4865   10.8711
    5.5635    2.4777
   -6.5371    8.0929
   -3.2869   10.2800
    0.6256   11.2313
   -9.3518    0.4838
   -9.0016   -1.7028
   -6.3600    8.2030
    6.1713   -2.9835
   -1.8247   -1.4566
    6.1314   -2.8478
   -7.1889   -4.8540
    6.2945   -0.0491
    0.9123   11.2015
    1.1129    4.9794
    6.1372   -2.5621
   -4.6887   -6.8766
   -9.3478    2.3293
   -3.3634   10.2238
   -9.4142    0.8157
   -4.9026    9.4721
   -8.5530   -2.8012
   -5.3323   -6.3907
   -5.1857    9.2871
   -2.4763   -7.5534
   -3.0097    2.2700
    5.1761   10.4497
   -7.3064    7.0167
   -8.6065   -2.4074
    3.7601   -6.2867
   -8.9899   -1.5716
    0.4204   11.1417
   -3.0462   10.3748
   -1.6540   10.8070
    0.4292    4.8673
   -5.7903    8.7053
   -0.2389   -7.7592
    4.9740   -4.9656
   -3.0760    0.1980
   -8.4651    5.1199
   -2.9343   10.3956
   -2.9241    2.4021
    6.3778   -1.3813
    3.0844   11.0183
    0.9163    4.9779
    3.6738   10.8256
    3.2474   -6.6900
   -0.8514   11.0329
    6.0542   -3.2806
   -8.2917    5.3117
   -2.9490    2.4573
    0.6549    4.9564
   -2.1652   10.6189
   -1.5587   -7.7156
   -8.2365   -3.4299
   -7.8229    6.3696
    3.8065   10.8873
   -2.5184    3.0842
    1.4856    4.8150
    2.4253    4.6562
   -5.1016    9.1767
    4.1510    3.8519
   -7.0240   -5.1621
   -8.6127    5.0460
    5.2962   10.3816
   -9.2349   -0.7155
    5.5441   -4.2272
   -7.9530   -3.9684
   -7.5012   -4.5139
    0.1966   11.0572
   -1.8471    3.7746
    5.0752   10.3642
    0.5619   11.0636
    2.4774   11.0264
   -9.2069    3.0752
   -7.9701    6.0591
   -0.3627    4.7336
    2.6258    4.6586
   -4.7039    9.4451
   -2.9102   10.3536
    0.3126    4.7608
   -7.0814    7.4617
    4.4455   -5.6170
    6.3869   -0.7633
   -3.1089   10.2391
   -1.3283   -7.7466
   -9.2737    2.2822
   -3.2019    1.0800
   -7.5427    6.7696
    5.6810   10.0754
    0.9425   -7.6253
   -7.1560   -5.0349
   -5.7924    8.6524
    4.4400    3.6498
    0.4105   11.1583
    4.8944   -5.0835
   -9.1526    3.4572
   -3.6013   -7.2965
   -9.2200    2.5687
   -8.9592    3.6703
    6.5299   -1.1160
   -7.5424   -4.2300
    4.3838    3.6368
    0.5497   11.2019
   -8.5838   -2.7159
   -2.8930   10.4658
    4.6050   10.5726
   -5.3891    9.0452
   -7.9693   -3.7873
   -1.3631   10.8979
    6.2105   -2.7860
    2.6063   11.0398
    5.4230   10.2999
    1.1505   11.2089
   -3.2069    1.3047
   -8.8935   -2.1356
   -1.3570   -7.8817
   -2.9648    2.0682
    1.6883   11.0667
   -7.2142    7.1804
   -2.5593    3.2290
   -8.1560    5.7935
    5.7285   -3.8951
    3.9610   10.8260
    3.5082    4.2031
   -9.1220   -1.5117
   -3.9287   -7.1798
   -0.6082   -7.7704
   -0.8380   10.8781
    6.3985    0.1135
   -7.6694   -4.4326
    3.0151   11.0567
   -9.4350    1.9669
   -3.1436    1.0104
    0.7026   -7.5804
   -1.2486   10.8119
    0.8333   -7.7018
   -7.3333    6.8948
   -7.4915    6.7474
    6.4810   -0.2986
    1.6088   11.1778
    4.8377    3.2578
   -3.6443   10.0194
   -0.6948   -7.7285
   -6.4953    8.0903
    3.4470   -6.4269
   -0.2511   10.9819
   -2.3078   10.5223
    2.3657    4.7528
   -9.0748    3.6263
    3.5351    4.3194
